image_width: 640
image_height: 472
camera_name: e2500
camera_matrix:
  rows: 3
  cols: 3
  data: [1513.897629, 0.000000, 545.128236, 0.000000, 1501.762498, 378.974474, 0.000000, 0.000000, 1.000000]
distortion_model: plumb_bob
distortion_coefficients:
  rows: 1
  cols: 5
  data: [0.206759, -0.108543, 0.034238, 0.004861, 0.000000]
rectification_matrix:
  rows: 3
  cols: 3
  data: [1.000000, 0.000000, 0.000000, 0.000000, 1.000000, 0.000000, 0.000000, 0.000000, 1.000000]
projection_matrix:
  rows: 3
  cols: 4
  data: [1542.889893, 0.000000, 542.980538, 0.000000, 0.000000, 1512.737061, 385.992519, 0.000000, 0.000000, 0.000000, 1.000000, 0.000000]
