image_width: 4928
image_height: 3264
camera_name: narrow_stereo
camera_matrix:
  rows: 3
  cols: 3
  data: [6958.756271, 0.000000, 2498.582349, 0.000000, 6947.848561, 1766.756120, 0.000000, 0.000000, 1.000000]
distortion_model: plumb_bob
distortion_coefficients:
  rows: 1
  cols: 5
  data: [0.014664, -0.194518, 0.002619, 0.000583, 0.000000]
rectification_matrix:
  rows: 3
  cols: 3
  data: [1.000000, 0.000000, 0.000000, 0.000000, 1.000000, 0.000000, 0.000000, 0.000000, 1.000000]
projection_matrix:
  rows: 3
  cols: 4
  data: [6949.826172, 0.000000, 2499.979607, 0.000000, 0.000000, 6945.788086, 1769.550767, 0.000000, 0.000000, 0.000000, 1.000000, 0.000000]
