# oST version 5.0 parameters


[image]

width
4928

height
3264

[narrow_stereo]

camera matrix
6958.756271 0.000000 2498.582349
0.000000 6947.848561 1766.756120
0.000000 0.000000 1.000000

distortion
0.014664 -0.194518 0.002619 0.000583 0.000000

rectification
1.000000 0.000000 0.000000
0.000000 1.000000 0.000000
0.000000 0.000000 1.000000

projection
6949.826172 0.000000 2499.979607 0.000000
0.000000 6945.788086 1769.550767 0.000000
0.000000 0.000000 1.000000 0.000000

